init
boost 0.001 34.7592 -439.571 0
boost 90460 -38.8722 1013.7 0
boost 90460.1 12.9928 1.4039 0
picture 90461 1.5708 0.0570419 0 0 1
picture 91461 1.5708 0.946989 0 0 1
picture 92461 1.5708 1.83694 0 0 1
picture 93461 1.5708 2.72688 0 0 1
picture 94461 1.5708 -2.66636 0 0 1
picture 95461 1.5708 -1.77641 0 0 1
picture 96461 1.5708 -0.886462 0 0 1
picture 97461 1.5708 0.00348529 0 0 1
picture 98461 1.5708 0.893432 0 0 1
picture 99461 1.5708 1.78338 0 0 1
picture 100461 1.5708 2.67333 0 0 1
picture 101461 1.5708 -2.71991 0 0 1
picture 102461 1.5708 -1.82996 0 0 1
picture 103461 1.5708 -0.940018 0 0 1
picture 104461 1.5708 -0.0500708 0 0 1
picture 105461 1.5708 0.839876 0 0 1
picture 106461 1.5708 1.72982 0 0 1
picture 107461 1.5708 2.61977 0 0 1
orient 107461.01


